-111614.2 200.0002 -68385.86
-102401.6 200.0002 -64960.66
-79696.89 200.0002 -67240.2
-85767.76 7952.76 -72007.91
-97598.48 9212.603 -79763.82
-96783.52 15000.02 -66468.54
-89055.16 17125.99 -68464.6
-91964.61 1448.82 -69633.89
-88622.09 1602.363 -75275.63
-77267.75 453.0004 -75925.23
-72559.09 453.0004 -85437.05
-76925.23 453.0004 -85594.53
-83574.84 3433.073 -84905.55
-85866.19 2555.119 -84799.25
-83566.98 122.0473 -85464.61
-75897.68 590.5515 -85563.04
-77559.09 3070.868 -86929.18
-93633.91 708.6617 -85425.24